name:           Monocular Set 4
ocular:         1

cameras:
    - name:         C1
      A:            4.4765
      f:            12.5341
      s:            0.00465
      o:            [760.1805, 495.1859]
      dim:          [1360, 1024]
      zS:           1216.1
      gamma:        20
      r1:           3.0
      r2:           0.5
      cmax:         0.036
      zeta:         1.3
      T:            [-659.316429, -8.937713, 1004.582521]
      R:            [[-0.008148, -0.830673, 0.556701], [-0.999858, -0.001434, -0.016774], [0.014732, -0.556758, -0.830544]]

    - name:         C2
      A:            4.4765
      f:            12.5341
      s:            0.00465
      o:            [760.1805, 495.1859]
      dim:          [1360, 1024]
      zS:           1216.1
      gamma:        20
      r1:           3.0
      r2:           0.5
      cmax:         0.036
      zeta:         1.3
      T:            [554.859063, 117.841708, 970.273907]
      R:            [[-0.151428, 0.873322, -0.463011], [ 0.988033, 0.119831, -0.097113], [-0.029328, -0.472176, -0.881016]]

    - name:         C3
      A:            4.4765
      f:            12.5341
      s:            0.00465
      o:            [760.1805, 495.1859]
      dim:          [1360, 1024]
      zS:           1216.1
      gamma:        20
      r1:           3.0
      r2:           0.5
      cmax:         0.036
      zeta:         1.3
      T:            [37.573609, -400.834534, 957.359055]
      R:            [[0.999188, -0.018387, 0.035842], [-0.029862, -0.935259, 0.352701], [0.027037, -0.353485, -0.935049]]

    - name:         C4
      A:            4.4765
      f:            12.5341
      s:            0.00465
      o:            [760.1805, 495.1859]
      dim:          [1360, 1024]
      zS:           1216.1
      gamma:        20
      r1:           3.0
      r2:           0.5
      cmax:         0.036
      zeta:         1.3
      T:            [-160.635761, 439.049497, 965.062584]
      R:            [[-0.91358, -0.367485, 0.174143], [-0.406285, 0.843168, -0.352138], [-0.017426, -0.392458, -0.919605]]

    - name:         C5
      A:            4.4765
      f:            12.5341
      s:            0.00465
      o:            [760.1805, 495.1859]
      dim:          [1360, 1024]
      zS:           1216.1
      gamma:        20
      r1:           3.0
      r2:           0.5
      cmax:         0.036
      zeta:         1.3
      T:            [-645.004384, -350.085156, 952.506221]
      R:            [[0.558915, -0.68161, 0.472252], [-0.827985, -0.427598, 0.362769], [-0.045333, -0.593774, -0.803354]]

    - name:         C6
      A:            4.4765
      f:            12.5341
      s:            0.00465
      o:            [760.1805, 495.1859]
      dim:          [1360, 1024]
      zS:           1216.1
      gamma:        20
      r1:           3.0
      r2:           0.5
      cmax:         0.036
      zeta:         1.3
      T:            [536.435601, 356.804195, 987.459355]
      R:            [[-0.601332, 0.67475, -0.427916], [0.797152, 0.543048, -0.263909], [0.054306, -0.499811, -0.86443]]


scene:
    # floor
    - x:            [-400, 400]
      y:            [-400, 400]
      z:            -100

    # box
    - x:            [-150, 150]
      y:            [-100, 100]
      z:            0

    - x:            -150
      y:            [-100, 100]
      z:            [-100, 0]

    - x:            150
      y:            [-100, 100]
      z:            [-100, 0]

    - x:            [-150, 150]
      y:            -100
      z:            [-100, 0]

    - x:            [-150, 150]
      y:            100
      z:            [-100, 0]

points:
    - x:            [-400, 400]
      y:            [-400, 400]
      z:            [-100, 700]
      step:         100
