name:           OCR Experiment for PAMI
import:         ocr
ocular:         1
scale:          30

# Application Parameters
gamma:          20
r1:             3.0
r2:             0.5
cmax:           0.036
zeta:           0.3

cameras:
    - name:         CAC
      models:       [ProsilicaEC1350, ComputarM3Z1228CMP]
      A:            4.4765
      f:            12.253
      s:            0.00465
      o:            [763.00966, 579.1370]
      dim:          [1360, 1024]
      zS:           1252.15

    - name:         C35
      models:       [ProsilicaEC1350, ComputarM3Z1228CMP]
      A:            4.4765
      f:            12.1563
      s:            0.00465
      o:            [750.84736, 578.7544]
      dim:          [1360, 1024]
      zS:           1237.28

scene:
    - name:         VisionPlatform
      model:        VisionPlatform
      pose:
          T:            [-978, -455, -553]
          R:            [0, 0, 0]
          Rformat:      'euler-zyx-deg'

    - name:         RV1A
      model:        MitsubishiRV1A
      mount:        VisionPlatform
      pose:
          T:            [978, 455, 553]
          R:            [0, 0, 0]
          Rformat:      'euler-zyx-deg'

    - name:         Target
      x:            [-108, 108]
      y:            [-140, 140]
      mount:        RV1A

relevance:
    - name:         target
      mount:        Target
      points:
        - point:        [-100, -140, 0, 0, 0]
        - point:        [-100, -100, 0, 0, 0]
        - point:        [-100, -60, 0, 0, 0]
        - point:        [-100, -20, 0, 0, 0]
        - point:        [-100, 20, 0, 0, 0]
        - point:        [-100, 60, 0, 0, 0]
        - point:        [-100, 100, 0, 0, 0]
        - point:        [-100, 140, 0, 0, 0]
        - point:        [-60, -140, 0, 0, 0]
        - point:        [-60, -100, 0, 0, 0]
        - point:        [-60, -60, 0, 0, 0]
        - point:        [-60, -20, 0, 0, 0]
        - point:        [-60, 20, 0, 0, 0]
        - point:        [-60, 60, 0, 0, 0]
        - point:        [-60, 100, 0, 0, 0]
        - point:        [-60, 140, 0, 0, 0]
        - point:        [-20, -140, 0, 0, 0]
        - point:        [-20, -100, 0, 0, 0]
        - point:        [-20, -60, 0, 0, 0]
        - point:        [-20, -20, 0, 0, 0]
        - point:        [-20, 20, 0, 0, 0]
        - point:        [-20, 60, 0, 0, 0]
        - point:        [-20, 100, 0, 0, 0]
        - point:        [-20, 140, 0, 0, 0]
        - point:        [20, -140, 0, 0, 0]
        - point:        [20, -100, 0, 0, 0]
        - point:        [20, -60, 0, 0, 0]
        - point:        [20, -20, 0, 0, 0]
        - point:        [20, 20, 0, 0, 0]
        - point:        [20, 60, 0, 0, 0]
        - point:        [20, 100, 0, 0, 0]
        - point:        [20, 140, 0, 0, 0]
        - point:        [60, -140, 0, 0, 0]
        - point:        [60, -100, 0, 0, 0]
        - point:        [60, -60, 0, 0, 0]
        - point:        [60, -20, 0, 0, 0]
        - point:        [60, 20, 0, 0, 0]
        - point:        [60, 60, 0, 0, 0]
        - point:        [60, 100, 0, 0, 0]
        - point:        [60, 140, 0, 0, 0]
        - point:        [100, -140, 0, 0, 0]
        - point:        [100, -100, 0, 0, 0]
        - point:        [100, -60, 0, 0, 0]
        - point:        [100, -20, 0, 0, 0]
        - point:        [100, 20, 0, 0, 0]
        - point:        [100, 60, 0, 0, 0]
        - point:        [100, 100, 0, 0, 0]
        - point:        [100, 140, 0, 0, 0]
